1
     예측0  예측1
실제0  392   58
실제1   58  392
geoacc = 0.8711111111111111
maximize_auroc_weight = [[0.06883914]
 [0.0287449 ]
 [0.04625836]
 [0.04981311]
 [0.05616611]
 [0.07667467]
 [0.05097392]
 [0.05979842]
 [0.0392442 ]
 [0.05112321]
 [0.03535149]
 [0.05096855]
 [0.04828811]
 [0.05131577]
 [0.04303641]
 [0.05061953]
 [0.05224491]
 [0.05124938]
 [0.03847434]
 [0.05081544]]



2
     예측0  예측1
실제0  392   58
실제1   61  389
geoacc = 0.8677713757055063
maximize_auroc_weight = [[0.05274658]
 [0.05160975]
 [0.05428914]
 [0.05264752]
 [0.04367536]
 [0.06022161]
 [0.06231153]
 [0.05034111]
 [0.04059695]
 [0.05386185]
 [0.0460926 ]
 [0.03108548]
 [0.04678999]
 [0.05254523]
 [0.05187241]
 [0.05032656]
 [0.04897358]
 [0.04920684]
 [0.05038851]
 [0.0504174 ]]



3
     예측0  예측1
실제0  405   45
실제1   48  402
geoacc = 0.8966604708583958
maximize_auroc_weight = [[0.05016856]
 [0.04779874]
 [0.05111546]
 [0.04935589]
 [0.04999416]
 [0.04982295]
 [0.04951798]
 [0.04996853]
 [0.05004631]
 [0.04997175]
 [0.0497851 ]
 [0.05028499]
 [0.05064244]
 [0.05006129]
 [0.04999033]
 [0.05002925]
 [0.05000669]
 [0.05089421]
 [0.04964997]
 [0.0508954 ]]



4
     예측0  예측1
실제0  407   43
실제1   42  408
geoacc = 0.9055548738920407
maximize_auroc_weight = [[0.0501609 ]
 [0.04988266]
 [0.05024056]
 [0.05001485]
 [0.04986782]
 [0.05043035]
 [0.05067892]
 [0.05023468]
 [0.04862981]
 [0.05068286]
 [0.05033425]
 [0.05200255]
 [0.05404852]
 [0.05025947]
 [0.04558345]
 [0.04940566]
 [0.04935019]
 [0.04884689]
 [0.05023654]
 [0.04910906]]



5
     예측0  예측1
실제0  398   52
실제1   53  397
geoacc = 0.8833326345210374
maximize_auroc_weight = [[0.05422975]
 [0.04995106]
 [0.05104114]
 [0.04962038]
 [0.04863992]
 [0.04821081]
 [0.04704738]
 [0.05007183]
 [0.04916459]
 [0.04809307]
 [0.05049246]
 [0.05315918]
 [0.04645626]
 [0.04763875]
 [0.05005115]
 [0.04992006]
 [0.0495802 ]
 [0.050349  ]
 [0.05889105]
 [0.04739196]]



6
     예측0  예측1
실제0  401   49
실제1   47  403
geoacc = 0.8933305693710697
maximize_auroc_weight = [[0.04911065]
 [0.04828518]
 [0.04850658]
 [0.0504848 ]
 [0.04868413]
 [0.05412148]
 [0.05055611]
 [0.05124816]
 [0.04919969]
 [0.04960064]
 [0.05005156]
 [0.04937346]
 [0.0510505 ]
 [0.04905558]
 [0.05183059]
 [0.05031048]
 [0.0487622 ]
 [0.05002811]
 [0.04998806]
 [0.04975204]]



7
     예측0  예측1
실제0  398   52
실제1   49  401
geoacc = 0.8877715199334445
maximize_auroc_weight = [[ 0.04778324]
 [ 0.04304816]
 [-0.00448749]
 [ 0.02740096]
 [ 0.05854459]
 [ 0.05257603]
 [ 0.06749025]
 [ 0.05520218]
 [ 0.04933601]
 [ 0.05354314]
 [ 0.05303156]
 [ 0.07467793]
 [ 0.05100036]
 [ 0.05114395]
 [ 0.05219896]
 [ 0.06476649]
 [ 0.0518663 ]
 [ 0.03238276]
 [ 0.06603599]
 [ 0.05245863]]



8
     예측0  예측1
실제0  400   50
실제1   52  398
geoacc = 0.8866638819226668
maximize_auroc_weight = [[0.05050776]
 [0.0495596 ]
 [0.05016924]
 [0.04421168]
 [0.05001247]
 [0.05062711]
 [0.03952484]
 [0.05008814]
 [0.04653538]
 [0.06030874]
 [0.05050575]
 [0.0501473 ]
 [0.04790801]
 [0.05052433]
 [0.05302314]
 [0.0495637 ]
 [0.04970848]
 [0.05341327]
 [0.04621214]
 [0.0574489 ]]



9
     예측0  예측1
실제0  399   51
실제1   51  399
geoacc = 0.8866666666666667
maximize_auroc_weight = [[0.04916242]
 [0.04822265]
 [0.02691878]
 [0.05157473]
 [0.05095837]
 [0.04963171]
 [0.05030168]
 [0.05236559]
 [0.05060004]
 [0.0522848 ]
 [0.05271418]
 [0.05381083]
 [0.05145205]
 [0.04835641]
 [0.04859449]
 [0.05171742]
 [0.05980515]
 [0.04992326]
 [0.04988964]
 [0.05171577]]



10
     예측0  예측1
실제0  401   49
실제1   50  400
geoacc = 0.8899993064222571
maximize_auroc_weight = [[0.04949739]
 [0.05038795]
 [0.04984789]
 [0.04989611]
 [0.04928396]
 [0.04867413]
 [0.05438029]
 [0.05054503]
 [0.05518497]
 [0.05036749]
 [0.05160275]
 [0.05201372]
 [0.05025785]
 [0.0508907 ]
 [0.0487124 ]
 [0.04903749]
 [0.04623004]
 [0.04205716]
 [0.05167083]
 [0.04946182]]



11
     예측0  예측1
실제0  392   58
실제1   61  389
geoacc = 0.8677713757055063
maximize_auroc_weight = [[0.05274658]
 [0.05160975]
 [0.05428914]
 [0.05264752]
 [0.04367536]
 [0.06022161]
 [0.06231153]
 [0.05034111]
 [0.04059695]
 [0.05386185]
 [0.0460926 ]
 [0.03108548]
 [0.04678999]
 [0.05254523]
 [0.05187241]
 [0.05032656]
 [0.04897358]
 [0.04920684]
 [0.05038851]
 [0.0504174 ]]



12
     예측0  예측1
실제0  407   43
실제1   42  408
geoacc = 0.9055548738920407
maximize_auroc_weight = [[0.0501609 ]
 [0.04988266]
 [0.05024056]
 [0.05001485]
 [0.04986782]
 [0.05043035]
 [0.05067892]
 [0.05023468]
 [0.04862981]
 [0.05068286]
 [0.05033425]
 [0.05200255]
 [0.05404852]
 [0.05025947]
 [0.04558345]
 [0.04940566]
 [0.04935019]
 [0.04884689]
 [0.05023654]
 [0.04910906]]



13
     예측0  예측1
실제0  401   49
실제1   47  403
geoacc = 0.8933305693710697
maximize_auroc_weight = [[0.04911065]
 [0.04828518]
 [0.04850658]
 [0.0504848 ]
 [0.04868413]
 [0.05412148]
 [0.05055611]
 [0.05124816]
 [0.04919969]
 [0.04960064]
 [0.05005156]
 [0.04937346]
 [0.0510505 ]
 [0.04905558]
 [0.05183059]
 [0.05031048]
 [0.0487622 ]
 [0.05002811]
 [0.04998806]
 [0.04975204]]



14
     예측0  예측1
실제0  400   50
실제1   52  398
geoacc = 0.8866638819226668
maximize_auroc_weight = [[0.05050776]
 [0.0495596 ]
 [0.05016924]
 [0.04421168]
 [0.05001247]
 [0.05062711]
 [0.03952484]
 [0.05008814]
 [0.04653538]
 [0.06030874]
 [0.05050575]
 [0.0501473 ]
 [0.04790801]
 [0.05052433]
 [0.05302314]
 [0.0495637 ]
 [0.04970848]
 [0.05341327]
 [0.04621214]
 [0.0574489 ]]



15
     예측0  예측1
실제0  401   49
실제1   50  400
geoacc = 0.8899993064222571
maximize_auroc_weight = [[0.04949739]
 [0.05038795]
 [0.04984789]
 [0.04989611]
 [0.04928396]
 [0.04867413]
 [0.05438029]
 [0.05054503]
 [0.05518497]
 [0.05036749]
 [0.05160275]
 [0.05201372]
 [0.05025785]
 [0.0508907 ]
 [0.0487124 ]
 [0.04903749]
 [0.04623004]
 [0.04205716]
 [0.05167083]
 [0.04946182]]



16
     예측0  예측1
실제0  405   45
실제1   45  405
geoacc = 0.9
maximize_auroc_weight = [[0.0438454 ]
 [0.04967444]
 [0.05001425]
 [0.05034738]
 [0.04936199]
 [0.04880299]
 [0.05490809]
 [0.04888094]
 [0.05076003]
 [0.05024281]
 [0.05254909]
 [0.05007699]
 [0.04984789]
 [0.05934629]
 [0.04614256]
 [0.0483756 ]
 [0.04790401]
 [0.05015841]
 [0.04943736]
 [0.04932347]]



17
     예측0  예측1
실제0  406   44
실제1   46  404
geoacc = 0.8999972565115936
maximize_auroc_weight = [[0.04996387]
 [0.05029801]
 [0.05071413]
 [0.04860524]
 [0.049496  ]
 [0.04945722]
 [0.03878325]
 [0.05014563]
 [0.0503351 ]
 [0.04996313]
 [0.05012822]
 [0.04982599]
 [0.05765381]
 [0.04984165]
 [0.05027156]
 [0.05519264]
 [0.04940435]
 [0.0500674 ]
 [0.05009211]
 [0.04976066]]



18
     예측0  예측1
실제0  398   52
실제1   53  397
geoacc = 0.8833326345210374
maximize_auroc_weight = [[0.05040212]
 [0.05568999]
 [0.04357196]
 [0.05035084]
 [0.0503795 ]
 [0.04679561]
 [0.04164142]
 [0.04960688]
 [0.04898493]
 [0.06801252]
 [0.05158976]
 [0.06576243]
 [0.04507865]
 [0.05116187]
 [0.03051358]
 [0.05098404]
 [0.04735495]
 [0.05089461]
 [0.05055168]
 [0.05067267]]



19
     예측0  예측1
실제0  401   49
실제1   50  400
geoacc = 0.8899993064222571
maximize_auroc_weight = [[0.05035591]
 [0.05415571]
 [0.05119388]
 [0.06620041]
 [0.05022091]
 [0.04627327]
 [0.05370977]
 [0.0478691 ]
 [0.04527022]
 [0.03972048]
 [0.04940365]
 [0.03947785]
 [0.05230406]
 [0.05287751]
 [0.05028567]
 [0.05013308]
 [0.05191848]
 [0.04979126]
 [0.05004424]
 [0.04879456]]



20
     예측0  예측1
실제0  403   47
실제1   46  404
geoacc = 0.8966659782456396
maximize_auroc_weight = [[0.04749786]
 [0.05148614]
 [0.05015798]
 [0.05025213]
 [0.04952455]
 [0.05031582]
 [0.05745927]
 [0.04911361]
 [0.05195246]
 [0.05015254]
 [0.0500021 ]
 [0.049724  ]
 [0.04903553]
 [0.05263838]
 [0.05026848]
 [0.05010689]
 [0.05012054]
 [0.05285176]
 [0.03467585]
 [0.05266412]]



21
     예측0  예측1
실제0  405   45
실제1   48  402
geoacc = 0.8966604708583958
maximize_auroc_weight = [[0.05016856]
 [0.04779874]
 [0.05111546]
 [0.04935589]
 [0.04999416]
 [0.04982295]
 [0.04951798]
 [0.04996853]
 [0.05004631]
 [0.04997175]
 [0.0497851 ]
 [0.05028499]
 [0.05064244]
 [0.05006129]
 [0.04999033]
 [0.05002925]
 [0.05000669]
 [0.05089421]
 [0.04964997]
 [0.0508954 ]]



22
     예측0  예측1
실제0  401   49
실제1   47  403
geoacc = 0.8933305693710697
maximize_auroc_weight = [[0.04911065]
 [0.04828518]
 [0.04850658]
 [0.0504848 ]
 [0.04868413]
 [0.05412148]
 [0.05055611]
 [0.05124816]
 [0.04919969]
 [0.04960064]
 [0.05005156]
 [0.04937346]
 [0.0510505 ]
 [0.04905558]
 [0.05183059]
 [0.05031048]
 [0.0487622 ]
 [0.05002811]
 [0.04998806]
 [0.04975204]]



23
     예측0  예측1
실제0  399   51
실제1   51  399
geoacc = 0.8866666666666667
maximize_auroc_weight = [[0.04916242]
 [0.04822265]
 [0.02691878]
 [0.05157473]
 [0.05095837]
 [0.04963171]
 [0.05030168]
 [0.05236559]
 [0.05060004]
 [0.0522848 ]
 [0.05271418]
 [0.05381083]
 [0.05145205]
 [0.04835641]
 [0.04859449]
 [0.05171742]
 [0.05980515]
 [0.04992326]
 [0.04988964]
 [0.05171577]]



24
     예측0  예측1
실제0  405   45
실제1   45  405
geoacc = 0.9
maximize_auroc_weight = [[0.0438454 ]
 [0.04967444]
 [0.05001425]
 [0.05034738]
 [0.04936199]
 [0.04880299]
 [0.05490809]
 [0.04888094]
 [0.05076003]
 [0.05024281]
 [0.05254909]
 [0.05007699]
 [0.04984789]
 [0.05934629]
 [0.04614256]
 [0.0483756 ]
 [0.04790401]
 [0.05015841]
 [0.04943736]
 [0.04932347]]



25
     예측0  예측1
실제0  407   43
실제1   45  405
geoacc = 0.9022194854911969
maximize_auroc_weight = [[0.05011876]
 [0.04988871]
 [0.05142455]
 [0.04998297]
 [0.05011522]
 [0.05041527]
 [0.05029995]
 [0.0503895 ]
 [0.0451577 ]
 [0.05016388]
 [0.05371453]
 [0.04049919]
 [0.05008153]
 [0.05024062]
 [0.04751358]
 [0.05546438]
 [0.04994485]
 [0.05552817]
 [0.04825281]
 [0.05080383]]



26
     예측0  예측1
실제0  401   49
실제1   50  400
geoacc = 0.8899993064222571
maximize_auroc_weight = [[0.05035591]
 [0.05415571]
 [0.05119388]
 [0.06620041]
 [0.05022091]
 [0.04627327]
 [0.05370977]
 [0.0478691 ]
 [0.04527022]
 [0.03972048]
 [0.04940365]
 [0.03947785]
 [0.05230406]
 [0.05287751]
 [0.05028567]
 [0.05013308]
 [0.05191848]
 [0.04979126]
 [0.05004424]
 [0.04879456]]



27
     예측0  예측1
실제0  403   47
실제1   47  403
geoacc = 0.8955555555555555
maximize_auroc_weight = [[0.04959884]
 [0.05020429]
 [0.05072691]
 [0.05104814]
 [0.05056411]
 [0.04864173]
 [0.04842528]
 [0.04952266]
 [0.05004224]
 [0.05001032]
 [0.05000232]
 [0.04903336]
 [0.04979823]
 [0.05018143]
 [0.04985792]
 [0.0500787 ]
 [0.05192632]
 [0.05041857]
 [0.04992386]
 [0.04999477]]



28
     예측0  예측1
실제0  396   54
실제1   51  399
geoacc = 0.8833270440027672
maximize_auroc_weight = [[0.04899867]
 [0.0510944 ]
 [0.04666738]
 [0.04917059]
 [0.0503467 ]
 [0.0517685 ]
 [0.05019671]
 [0.05058306]
 [0.04617388]
 [0.04999467]
 [0.04823494]
 [0.04862634]
 [0.05038755]
 [0.03891815]
 [0.06145657]
 [0.0495885 ]
 [0.05053278]
 [0.05013591]
 [0.05489397]
 [0.05223072]]



29
     예측0  예측1
실제0  390   60
실제1   61  389
geoacc = 0.8655548423902354
maximize_auroc_weight = [[0.04735258]
 [0.04456061]
 [0.05029411]
 [0.05144848]
 [0.05165513]
 [0.05407218]
 [0.07928502]
 [0.05296928]
 [0.0677859 ]
 [0.02676028]
 [0.04943954]
 [0.04305065]
 [0.03899301]
 [0.06839851]
 [0.05138851]
 [0.04324133]
 [0.05341486]
 [0.03896111]
 [0.04836153]
 [0.03856738]]



30
     예측0  예측1
실제0  402   48
실제1   47  403
geoacc = 0.8944437543130533
maximize_auroc_weight = [[0.04621426]
 [0.04438338]
 [0.05041732]
 [0.05049721]
 [0.05605983]
 [0.04543513]
 [0.04383174]
 [0.05067743]
 [0.07756342]
 [0.05038741]
 [0.04132128]
 [0.04721097]
 [0.04423844]
 [0.04148623]
 [0.04979313]
 [0.05192852]
 [0.04059975]
 [0.05476106]
 [0.06278328]
 [0.05041021]]



